1	11.373223876953148	7.339532470703148	0.002583265296607351
2	12.875955200195335	5.515969848632835	0.0
3	14.186334228515648	6.377130126953148	0.00016901151980164286
4	15.18103942871096	7.771783447265648	0.0028580427169799805
5	16.992211914062523	8.888040161132835	0.018227100372314453
6	10.227883911132835	7.038308715820335	0.00046968459059826273
7	11.268716430664085	7.220300292968773	0.00010311602522961039
8	11.707604980468773	6.485711669921898	0.23266077041625977
9	7.805825805664085	6.414178466796898	0.11658728122370121
10	11.662133789062523	5.796792602539085	0.2823193245603761
11	8.988504028320335	2.3536926269531477	0.00012904404798064206
12	8.545190429687523	2.9811340332031477	0.0
13	8.76850280761721	2.1685424804687727	0.0001285171833842469
14	9.01679382324221	2.9110198974609602	0.06077614988271307
15	12.895242309570335	6.479531860351585	0.12585371732711792
16	10.01191101074221	8.07483825683596	1.6853168606758118
17	9.92646179199221	8.437707519531273	0.4621835357283999
18	10.540582275390648	7.786904907226585	0.006350021311618548
19	14.434609985351585	8.054605102539085	0.00029206275939941406
20	11.57911071777346	7.130120849609398	0.002347826957205257
21	11.163781738281273	7.968240356445335	0.02166932929981158
22	11.358193969726585	9.891336059570335	1.380526423452011
23	14.285638427734398	9.781030273437523	0.1533466577427589
24	10.768670654296898	7.468347167968773	0.14911025761534802
25	9.102746582031273	7.678460693359398	0.10298818348815075
26	10.741113281250023	8.58197937011721	0.16636550426483154
27	11.423623657226585	7.262658691406273	0.15347849071645214
28	8.51990661621096	5.004495239257835	0.23622006177852484
29	6.58564147949221	3.4260650634765852	0.5431205034199138
30	8.700234985351585	2.7384429931640852	0.014634728421469845
31	8.20740661621096	3.5436950683593977	0.02650916558195604
32	7.364465332031273	5.26288757324221	0.8588987588780128
33	7.661065673828148	5.167413330078148	0.7987692952156067
34	7.734918212890648	5.483544921875023	0.6721773743624482
35	9.251611328125023	3.8447052001953352	0.002000927923972995
36	9.74482116699221	3.3023620605468977	8.52346317969932e-05
37	8.542642211914085	3.8028350830078352	0.3750739474526199
38	10.41101989746096	5.003839111328148	1.588486433018943
39	9.471856689453148	5.769372558593773	0.31094282865069545
40	9.14649353027346	5.95227966308596	0.17429805393476272
41	9.789788818359398	6.13691101074221	0.5028599500651154
42	10.341210937500023	7.612573242187523	0.9281322360038757
43	11.98066101074221	8.512979125976585	0.11089891195297241
44	9.278710937500023	6.373147583007835	1.6472558514351476
45	12.251016235351585	5.493341064453148	0.0002578651219664607
46	10.97065124511721	6.67469177246096	0.0008440017609245842
47	9.72986755371096	6.560449218750023	0.5077406764030457
48	6.81446228027346	4.066766357421898	2.7546286582946777
49	9.013421630859398	5.538125610351585	0.9551078081130981
50	7.18628845214846	2.6674133300781477	0.07223906703011096
51	5.349145507812523	2.6276031494140852	0.018751919259329952
52	8.36188659667971	3.9026885986328352	0.09139925241470337
53	5.900537109375023	3.0372100830078352	1.8650781187318444
54	6.227960205078148	2.2580047607422102	0.17182290553137136
55	8.519677734375023	3.3861785888672102	0.0
56	10.685784912109398	5.336953735351585	0.0005233287708961143
57	16.298028564453148	5.17914733886721	0.0004279613392554893
58	14.254205322265648	6.555566406250023	8.52346317969932e-05
59	18.430398559570335	10.699304199218773	8.702277796146518e-05
60	18.303201293945335	8.81427917480471	0.1924276351928711
61	13.467523193359398	6.32325134277346	0.005327165115431853
62	15.719689941406273	9.322778320312523	0.36155194029561244
63	20.182183837890648	10.255242919921898	0.1669532060589063
64	17.410379028320335	9.362268066406273	0.038945078847518744
65	10.644830322265648	6.269952392578148	0.8271557091575232
66	10.943414306640648	3.9628692626953352	0.17890453337940926
67	15.084863281250023	4.398645019531273	0.0
68	17.054589843750023	9.967095947265648	0.0002152343142824975
69	19.661157226562523	11.712503051757835	0.0012013316052161827
70	20.407754516601585	13.530984497070335	0.01676321029648875
71	20.883325195312523	16.194497680664085	0.04828297277867932
72	21.910241699218773	14.516397094726585	0.003962516774436153
73	22.415261840820335	12.54340515136721	0.5854067286520603
74	18.91181335449221	12.143594360351585	0.0012189149856567383
75	21.959329223632835	16.717370605468773	0.14644891022612683
76	20.716470336914085	11.712854003906273	0.2647992968491053
77	18.070397949218773	10.718286132812523	0.0005811452865600586
78	16.82361755371096	10.54230651855471	0.03475725649764172
79	14.326806640625023	11.333062744140648	0.37193901180216926
80	13.83649597167971	10.535012817382835	0.6763245676154384
81	11.361184692382835	8.76136169433596	1.1607471108334266
82	13.501382446289085	7.182672119140648	0.007697045793975121
83	16.273553466796898	10.969476318359398	0.6607935688123234
84	17.49164733886721	16.376000976562523	2.9260931233238807
85	19.344659423828148	12.80939636230471	0.2052798867225647
86	14.43116149902346	9.763787841796898	0.49264609812667004
87	13.61017761230471	10.140679931640648	0.18567442893981934
88	17.512811279296898	12.45075378417971	0.27240157127330633
89	20.18872985839846	13.94635925292971	1.4597952365875244
90	14.63971862792971	10.038842773437523	0.6788209080696106
91	11.787347412109398	8.820184326171898	0.044627095496707625
92	13.952783203125023	8.427545166015648	0.00012997613794141216
93	15.175454711914085	8.073083496093773	8.52346317969932e-05
94	16.192712402343773	6.79248962402346	0.00017285328794969246
95	17.792901611328148	11.285134887695335	0.00017136334804490616
96	19.68464050292971	11.187860107421898	0.013718500974846393
97	20.09662780761721	9.82789001464846	0.011681914329031429
98	20.582360839843773	10.984963989257835	1.4901161193847656e-05
99	21.16529235839846	14.19880065917971	0.00016689300537109375
100	22.59620056152346	16.756631469726585	0.0016331672668457031
101	24.911065673828148	18.202935791015648	0.012798905368072155
102	24.615106201171898	19.646722412109398	0.14683202747391988
103	23.891534423828148	15.841104125976585	1.342707872390747
104	21.451715087890648	15.71479187011721	0.015260577191611446
105	17.57935485839846	13.371926879882835	0.0671975284092241
106	16.490014648437523	13.14838562011721	0.058637857426901974
107	17.513528442382835	13.41608581542971	0.000925660123130001
108	18.66443786621096	12.78144226074221	0.0028359889881812705
109	20.651361083984398	12.256494140625023	4.351138045421976e-05
110	20.368005371093773	13.696496582031273	0.6768736243202511
111	22.360269165039085	16.102334594726585	8.643726232548943e-05
112	23.526467895507835	17.847329711914085	0.3194655463797602
113	24.637139892578148	18.24506530761721	0.20803242921374476
114	24.68976745605471	18.817834472656273	0.019669532775878906
115	24.342156982421898	21.439630126953148	0.5601155757801735
116	25.04908142089846	17.218927001953148	1.2480760697144433
117	18.746499633789085	16.412347412109398	1.0943314433063733
118	22.606622314453148	17.570367431640648	0.10498464107513428
119	17.811685180664085	14.536233520507835	0.5778270959751808
120	16.820840454101585	14.069665527343773	1.0547107458023675
121	17.320779418945335	13.479455566406273	0.0061959028244018555
122	20.325967407226585	12.135125732421898	0.0
123	22.303567504882835	12.75910339355471	0.0
124	21.77478942871096	14.957986450195335	8.600252847656975e-05
125	22.736199951171898	17.073342895507835	0.0014257430962061335
126	23.840188598632835	16.875939941406273	0.003090500831604004
127	24.49866638183596	18.65039978027346	0.009867548942565918
128	22.448785400390648	17.682656860351585	0.010336637495811374
129	21.450006103515648	16.90528259277346	0.02025842665602795
130	21.71790466308596	18.072930908203148	2.033280730247
131	20.41004333496096	18.03754577636721	0.42182236909411586
132	19.729043579101585	18.103387451171898	3.7686631083488464
133	18.85627136230471	16.408319091796898	0.752847194661399
134	19.822610473632835	12.767327880859398	0.4104903340248711
135	15.722573852539085	12.227502441406273	0.7598096132255705
136	18.893914794921898	11.192971801757835	4.351138045421976e-05
137	22.543252563476585	12.128411865234398	0.0
138	22.366723632812523	17.028100585937523	0.008784532536765255
139	22.868692016601585	18.396508789062523	0.06708204746246338
140	23.770501708984398	18.640863037109398	0.18495172262191772
141	21.864480590820335	16.686441040039085	0.037881433956954425
142	22.951150512695335	17.96418151855471	1.356436610211631
143	19.81141052246096	18.27106628417971	1.1418676375797077
144	22.144525146484398	19.146585083007835	0.08422285318374634
145	24.141076660156273	17.37940368652346	0.015978813161154903
146	21.00080261230471	16.246331787109398	0.9010130167002472
147	24.210229492187523	18.59095153808596	1.9569456577301025
148	21.828225708007835	19.255761718750023	2.7056533098118507
149	26.212030029296898	22.797143554687523	0.15653601777216863
150	27.607934570312523	20.59534606933596	4.0756710344282965
151	22.316156005859398	20.588174438476585	2.378562092781067
152	25.142572021484398	20.912194824218773	1.8868222832679749
153	23.247186279296898	21.56751403808596	1.5977406501765046
154	26.313699340820335	22.760003662109398	0.05633324384639593
155	27.09198913574221	23.473107910156273	0.07826378383697374
156	26.71674499511721	21.818399047851585	4.954867362971527
157	27.116967773437523	20.092691040039085	0.002698898305197872
158	27.661248779296898	20.279275512695335	0.01947015522887341
159	24.284570312500023	19.750238037109398	0.09273320436022914
160	24.06305847167971	20.591790771484398	5.72904627074422
161	22.413171386718773	19.588922119140648	2.9166265178560025
162	22.795678710937523	20.083062744140648	1.356257407405792
163	22.117120361328148	20.906213378906273	4.270573258395416
164	22.51569519042971	20.292443847656273	5.32712131738613
165	24.03162536621096	20.829522705078148	0.6477659940628655
166	26.014749145507835	20.391168212890648	0.0003668665840450558
167	27.052789306640648	23.04261169433596	0.06549805402755737
168	27.616876220703148	21.92475280761721	1.2307083606685865
169	24.630227661132835	22.598062133789085	4.756628108776795
170	25.692773437500023	24.33484802246096	1.5972959995167457
171	25.609979248046898	24.460061645507835	2.9511913657188416
172	27.672570800781273	24.742456054687523	0.40423721075057983
173	28.68024597167971	24.957238769531273	0.004512965678671321
174	29.75464782714846	25.231607055664085	0.0005835294718536943
175	29.344888305664085	25.112786865234398	0.0004682672397393617
176	29.49488220214846	25.269067382812523	0.017488300795776013
177	28.763848876953148	25.557885742187523	0.010803639878531612
178	29.164468383789085	26.121545410156273	0.0028514862055573076
179	29.514016723632835	26.421243286132835	0.0025826692535702023
180	30.024682617187523	26.58588562011721	0.1968196034340508
181	29.376687622070335	25.14985046386721	0.7944345474243164
182	28.77320251464846	24.916787719726585	0.47705102721806725
183	29.202081298828148	24.055688476562523	0.09461641311645508
184	30.04456481933596	25.62690124511721	0.024341344823142208
185	30.983880615234398	26.824380493164085	0.054305195807913265
186	30.345193481445335	26.837731933593773	0.007187376576212046
187	30.02442321777346	26.42615661621096	0.008206367482443966
188	30.963037109375023	26.509057617187523	0.00022620092536840275
189	32.571572875976585	27.240167236328148	0.0011509656872021878
190	33.939920043945335	27.69971618652346	0.051390756101454826
191	34.6016784667969	27.57959899902346	0.00012904405366498395
192	34.419900512695335	26.88758239746096	0.01596212387084961
193	32.65723571777346	26.567407226562523	0.0007942318859477382
194	32.824929809570335	26.851831054687523	0.0001776563692601485
195	32.99428710937502	26.64466247558596	8.627870506927593e-05
196	34.806863403320335	27.860559082031273	0.00019252299239269632
197	36.0994812011719	27.54017028808596	0.00033587216989872104
198	34.114297485351585	27.552102661132835	0.054866969583144964
199	31.553338623046898	27.385766601562523	0.016742944717407227
200	32.311196899414085	27.65497741699221	0.04217507770931661
201	33.75892028808596	27.846215820312523	8.52346317969932e-05
202	36.355813598632835	28.180093383789085	0.16373450152400437
203	32.885659790039085	28.017755126953148	0.00937269137466501
204	36.63359985351565	28.565179443359398	5.9604644775390625e-06
205	33.96822509765627	26.91126403808596	0.019628077495781326
206	34.15007934570315	27.367242431640648	0.0024968385694990047
207	33.26522216796877	27.26691589355471	0.00014541882933372108
208	33.22286376953127	27.213220214843773	0.0007313489788884908
209	33.2015319824219	26.117654418945335	0.0015902519123756065
210	31.757440185546898	27.01819763183596	0.2757632731118065
211	32.59229431152346	26.734490966796898	0.1063579872891296
212	33.70598754882815	27.444696044921898	0.360091924666861
213	32.69355163574221	27.516442871093773	0.23873209229918757
214	29.87696228027346	26.958581542968773	0.2632513642254253
215	31.715539550781273	27.826043701171898	0.0663036108011994
216	32.05803833007815	27.776513671875023	0.05790213872955974
217	34.048867797851585	28.359887695312523	0.01166194676898158
218	33.805886840820335	27.726586914062523	0.2338564395870435
219	32.07039794921877	26.912454223632835	0.2273741473516111
220	31.720239257812523	27.93164978027346	0.2248719334602356
221	32.23696289062502	27.800347900390648	0.010579727700132935
222	32.948648071289085	28.038064575195335	0.002404451369741878
223	33.87105712890627	27.645471191406273	0.00044196844051214157
224	34.24079284667971	27.379876708984398	0.0002276785750154886
225	33.40398559570315	27.74152526855471	0.0004163384346611565
226	33.12537536621096	27.695474243164085	0.08399456738743538
227	33.02979431152346	28.217553710937523	0.012880226889322444
228	33.92121276855471	28.199761962890648	0.0005474686531670159
229	33.53754577636721	27.400064086914085	0.019087195386191524
230	32.47860107421877	28.05536804199221	0.06894171237945557
231	33.73272094726565	28.712442016601585	0.0002590988515294157
232	36.03286132812502	28.289575195312523	0.007093548771308633
233	35.916726684570335	28.271463012695335	0.03948042971160248
234	35.641702270507835	28.392663574218773	0.0005543231964111328
235	34.29155883789065	27.655053710937523	0.0008705258267127647
236	33.52008972167971	28.16510925292971	0.07656097411654628
237	35.305154418945335	28.424539184570335	0.02674400806377264
238	34.3575378417969	26.24830017089846	2.740202844142914
239	29.144570922851585	25.392114257812523	2.264198660850525
240	28.46552429199221	25.324578857421898	1.8126809597010407
241	30.805352783203148	26.298379516601585	0.06785988807678223
242	31.559686279296898	26.956536865234398	0.17381844425017334
243	29.570245361328148	24.709832763671898	0.06878912448833319
244	28.36548767089846	23.813272094726585	0.051754415034110934
245	27.305520629882835	24.40717468261721	0.7681851302038467
246	28.621194458007835	24.878747558593773	1.1464032530739132
247	28.292459106445335	25.178674316406273	1.197959660834158
248	29.731225585937523	23.39063415527346	0.10875165461925462
249	29.095315551757835	22.472741699218773	0.00021462776658154326
250	29.200372314453148	20.847009277343773	4.410743663640915e-05
251	29.79084167480471	22.93061218261721	0.00012894783480987826
252	27.743127441406273	22.211267089843773	0.0005859136535946163
253	27.760888671875023	22.786294555664085	0.00023782253251170005
254	29.257012939453148	23.893594360351585	0.5318711910536678
255	24.470483398437523	21.65674743652346	3.695771098136902
256	25.599176025390648	21.834085083007835	3.0389040708428183
257	24.909692382812523	21.895303344726585	6.6285359859364235
258	29.20997009277346	23.237161254882835	0.036756489436129414
259	28.483987426757835	23.50074157714846	0.07644667120985105
260	29.73908386230471	23.37037048339846	0.0003873691525768663
261	29.13105163574221	23.717645263671898	0.010033845900991878
262	30.04041442871096	20.20227966308596	0.00031505251172347926
263	25.852517700195335	20.518304443359398	0.0022739171981811523
264	24.726800537109398	20.960015869140648	0.1363009214401245
265	25.93238220214846	21.434976196289085	0.0029906284737535316
266	26.682946777343773	20.141351318359398	0.0004041194188175723
267	24.40076599121096	19.654412841796898	0.00016982989450298192
268	25.589517211914085	20.631707763671898	0.019212365140219845
269	25.970864868164085	22.10230407714846	0.1970052719002524
270	25.889154052734398	23.190179443359398	0.31497299670490975
271	26.766152954101585	23.467645263671898	0.1284956932067871
272	27.70691833496096	23.916650390625023	0.10170668362547985
273	28.176599121093773	24.76270446777346	0.013065338134765625
274	29.150445556640648	25.409585571289085	0.008698403831886026
275	29.396600341796898	25.747857666015648	0.023859739303588867
276	29.627313232421898	25.536859130859398	0.000625252715735769
277	31.041543579101585	21.371499633789085	0.07231175898709807
278	23.481317138671898	20.684533691406273	0.0021998198292294546
279	22.972772216796898	19.706414794921898	0.11174927475039453
280	19.466333007812523	18.323541259765648	0.17553269863128662
281	21.724633789062523	18.316735839843773	0.0013232231140136719
282	22.759942626953148	14.779519653320335	0.005470514287253536
283	19.84052429199221	13.086114501953148	8.583068051848386e-05
284	19.569940185546898	14.379266357421898	0.002747774124145508
285	21.157388305664085	17.161370849609398	0.013476014136770686
286	23.008721923828148	18.444009399414085	0.020954012865104232
287	23.839593505859398	19.762292480468773	0.010685133787546874
288	23.619287109375023	18.947961425781273	0.5661249160766602
289	23.067010498046898	18.532205200195335	0.3361967595026272
290	19.692437744140648	14.981835937500023	0.0916802883125456
291	18.770989990234398	15.44696960449221	0.002558827395660046
292	19.32782897949221	15.983270263671898	0.0022387504543530667
293	21.05994567871096	17.38752136230471	0.0052457710182807205
294	24.338830566406273	19.306024169921898	0.00010132789611816406
295	25.963357543945335	19.466043090820335	8.940696716308594e-05
296	22.88941345214846	16.175454711914085	5.006790111394821e-05
297	20.844201660156273	16.843621826171898	0.0
298	19.569604492187523	16.970941162109398	0.0010430745248868334
299	22.249322509765648	17.839654541015648	0.05252659320831299
300	21.449548339843773	18.77692565917971	0.15172430298093786
301	19.249047851562523	17.737512207031273	0.06428241728713147
302	21.33124694824221	17.05127868652346	0.017663527791000888
303	22.073770141601585	18.24378356933596	0.04490405320325408
304	21.527627563476585	17.976892089843773	0.3273272514338288
305	20.008142089843773	17.053323364257835	0.4332855343761821
306	18.27906188964846	17.172463989257835	0.9214019775299676
307	19.688348388671898	15.542092895507835	0.6076091527933869
308	17.17164001464846	14.244134521484398	0.1332551240864177
309	16.72510681152346	13.799600219726585	0.005640521510485996
310	18.632165527343773	14.181558227539085	0.0011581129115256772
311	21.383569335937523	15.247354125976585	4.351138045421976e-05
312	21.694741821289085	16.373330688476585	4.351138045421976e-05
313	22.795098876953148	17.725991821289085	0.030090600358789743
314	23.842767333984398	19.52015075683596	0.2326473593711853
315	23.993020629882835	20.211526489257835	0.11783868073962367
316	25.446740722656273	19.11902770996096	0.01447856425329519
317	20.275842285156273	15.413354492187523	0.07228136061598889
318	16.945764160156273	13.770974731445335	1.1449891328709327
319	14.854425048828148	13.62256774902346	0.3524318337440491
320	19.224511718750023	14.638757324218773	0.17900843960774182
321	22.332971191406273	17.202050781250023	0.15689432621002197
322	21.203546142578148	17.810906982421898	1.0751211643217573
323	19.49811706542971	17.401422119140648	0.52696645258834
324	21.064965820312523	16.243707275390648	0.002047419548034668
325	21.054132080078148	15.646401977539085	0.07820308207442395
326	19.796716308593773	15.858941650390648	1.1070966720581055
327	19.180703735351585	15.840661621093773	0.039814710606833614
328	18.64331970214846	15.93396911621096	0.05811452865600586
329	19.93836364746096	16.55579528808596	0.5640094796319772
330	20.460076904296898	15.021173095703148	0.005002319812774658
331	19.84229431152346	15.784829711914085	1.7898875474827491
332	20.974603271484398	18.073815917968773	0.6781750917429719
333	18.879724121093773	8.815332031250023	2.1024179636185636
334	8.381982421875023	5.43714294433596	1.9653993844883644
335	7.179742431640648	4.31324157714846	1.3915176075613545
336	10.707360839843773	4.973535156250023	1.0086888074873457
337	15.511773681640648	10.45343933105471	1.264876127243042
338	13.113992309570335	10.189691162109398	0.49433648586223455
339	10.170098876953148	8.402627563476585	0.1730513572624659
340	13.46479187011721	9.153924560546898	0.002629309886970077
341	15.78455505371096	12.019219970703148	0.023540854454040527
342	16.136026000976585	12.59919128417971	0.3094094991581642
343	15.040612792968773	12.491967773437523	0.16335844993591309
344	17.155252075195335	10.438577270507835	0.0021255016292798246
345	10.447717285156273	8.553491210937523	0.0013834237961418694
346	11.41767272949221	5.55866394042971	0.0003856420335068833
347	10.970071411132835	6.22809753417971	0.0005736947059631348
348	8.163919067382835	6.741799926757835	0.009787835620045371
349	12.740625000000023	7.522393798828148	0.541330873966217
350	12.56128845214846	4.872903442382835	1.2178859114612806
351	6.759179687500023	-0.8250640869140398	0.009349617073439731
352	5.999856567382835	-0.37305297851560226	0.00021457663024193607
353	8.891107177734398	1.7484069824218977	4.261732051702438e-05
354	12.804986572265648	4.594155883789085	0.2834656834522775
355	13.648065185546898	3.0800720214843977	0.00017187232401738584
356	12.466043090820335	0.5880371093750227	8.642672923997452e-05
357	7.069924926757835	1.0531860351562727	0.0002148747398678097
358	9.58674011230471	0.7657867431640852	0.0001275539318612573
359	7.931939697265648	1.4155975341797102	0.00017086835555346624
360	9.363732910156273	3.3664794921875227	8.523463748133508e-05
361	9.465661621093773	4.75739440917971	0.0003191828682247433
362	9.933679199218773	5.52094421386721	0.019097328186035156
363	7.170388793945335	4.350061035156273	0.4653260111808777
364	8.713189697265648	4.55060729980471	0.002070069302817501
365	10.116113281250023	5.115930175781273	0.0002455711296533991
